<?xml version="1.0" encoding="UTF-8" standalone="no"?>
<!DOCTYPE svg PUBLIC "-//W3C//DTD SVG 20010904//EN"
              "http://www.w3.org/TR/2001/REC-SVG-20010904/DTD/svg10.dtd">

<svg xmlns="http://www.w3.org/2000/svg"
     width="1.66667in" height="1.66667in"
     viewBox="0 0 500 500">
  <path id="Selection"
        fill="none" stroke="black" stroke-width="1"
        d="M 0.00,0.00
           C 0.00,0.00 500.00,0.00 500.00,0.00
             500.00,0.00 500.00,500.00 500.00,500.00
             500.00,500.00 0.00,500.00 0.00,500.00
             0.00,500.00 0.00,0.00 0.00,0.00 Z
           M 300.00,104.00
           C 294.07,109.18 290.57,120.15 282.00,121.30
             275.80,122.13 269.84,116.47 262.00,115.00
             265.74,121.70 275.60,124.07 277.56,132.00
             279.49,139.83 271.21,145.86 272.00,154.00
             277.73,149.00 280.83,138.76 289.00,137.29
             296.10,136.01 301.33,142.08 310.00,143.00
             306.05,136.16 295.77,134.44 293.74,126.00
             292.14,119.33 299.05,112.92 300.00,104.00 Z
           M 264.00,129.00
           C 254.76,127.59 234.50,133.27 225.00,135.85
             186.38,146.35 139.60,173.87 119.15,209.00
             112.99,219.57 107.93,234.66 109.17,247.00
             111.39,269.26 128.36,284.99 149.00,291.28
             154.54,292.97 157.14,293.87 163.00,294.00
             160.60,289.88 150.68,285.37 146.00,281.54
             133.51,271.29 126.82,258.18 127.00,242.00
             127.19,225.87 136.47,208.92 146.43,196.72
             165.64,173.17 192.92,154.98 221.00,143.60
             229.44,140.18 238.16,137.10 247.00,134.87
             252.50,133.49 259.80,132.88 264.00,129.00 Z
           M 271.00,138.00
           C 262.66,136.31 244.48,142.25 236.00,144.88
             202.40,155.31 158.44,182.65 142.78,215.00
             137.98,224.93 135.99,231.99 136.00,243.00
             136.01,248.71 136.27,252.59 138.47,258.00
             145.57,275.37 166.55,287.83 185.00,288.00
             182.20,283.47 173.61,280.27 169.00,276.53
             157.34,267.07 151.83,255.92 152.00,241.00
             152.16,227.09 160.07,211.77 168.42,201.00
             185.39,179.14 208.85,162.98 234.00,151.86
             234.00,151.86 258.00,143.02 258.00,143.02
             262.89,141.51 267.04,141.38 271.00,138.00 Z
           M 245.00,309.00
           C 250.81,310.38 257.23,308.60 263.00,307.45
             263.00,307.45 289.00,301.00 289.00,301.00
             328.55,287.94 370.79,263.33 391.56,226.00
             398.66,213.25 402.44,196.27 398.22,182.00
             391.81,160.33 367.61,145.82 346.00,144.00
             348.30,147.96 359.26,153.56 364.00,157.46
             376.74,167.96 382.19,180.79 382.00,197.00
             381.81,212.67 372.04,230.24 362.25,242.00
             342.30,265.94 316.74,282.75 288.00,294.40
             288.00,294.40 260.00,303.58 260.00,303.58
             254.90,304.98 249.11,305.49 245.00,309.00 Z
           M 238.00,301.00
           C 247.56,300.79 261.74,296.90 271.00,294.02
             304.31,283.67 342.82,261.06 361.58,231.00
             367.86,220.94 372.94,210.07 373.00,198.00
             373.04,190.13 373.12,185.41 369.68,178.00
             362.34,162.22 341.22,150.16 324.00,150.00
             327.06,155.25 334.71,157.27 339.58,161.09
             351.36,170.35 357.16,182.15 357.00,197.00
             356.85,209.53 351.90,219.62 345.42,230.00
             330.02,254.69 304.08,272.72 278.00,284.69
             268.83,288.90 259.61,292.34 250.00,295.34
             245.60,296.71 240.60,297.00 238.00,301.00 Z
           M 299.00,226.00
           C 290.99,224.99 290.66,235.10 293.17,239.98
             296.47,246.38 304.41,248.23 311.00,247.96
             317.46,247.70 324.89,245.17 329.47,240.48
             336.36,233.44 336.93,221.00 328.96,214.53
             319.15,206.57 303.87,209.71 297.60,199.98
             291.59,190.67 308.45,178.68 316.77,186.31
             319.10,188.44 319.87,190.93 319.79,194.00
             319.74,195.87 318.65,199.57 320.56,200.83
             322.89,202.38 324.03,198.47 324.37,196.98
             325.29,192.85 324.73,187.59 322.28,183.83
             317.02,176.48 302.55,177.91 296.38,183.83
             292.04,187.61 290.78,193.34 291.04,199.00
             291.95,219.15 318.06,212.90 326.49,224.09
             333.29,233.14 319.95,243.74 308.00,242.90
             303.00,242.55 296.88,239.84 296.78,234.00
             296.75,232.14 298.41,228.11 299.00,226.00 Z
           M 270.00,188.00
           C 270.00,188.00 262.00,189.63 262.00,189.63
             255.79,190.82 254.26,189.72 248.00,193.83
             224.70,209.15 230.95,254.12 260.00,255.91
             274.36,256.79 289.63,245.97 290.00,231.00
             284.80,233.03 285.20,235.77 281.67,240.00
             276.15,246.62 267.80,251.74 259.00,248.75
             235.62,240.82 235.41,200.60 258.00,195.00
             255.85,198.36 254.68,200.00 253.83,204.00
             252.84,208.65 253.45,214.24 257.22,217.57
             262.56,222.29 273.97,220.15 274.79,208.00
             274.96,205.45 274.35,202.38 273.44,200.00
             272.09,196.46 270.46,194.75 268.00,192.00
             268.00,192.00 270.00,188.00 270.00,188.00 Z
           M 202.00,221.00
           C 198.93,233.65 207.32,237.44 215.00,233.69
             221.50,230.51 225.01,222.98 224.97,216.00
             224.93,207.48 219.01,203.40 211.00,206.11
             208.25,207.04 205.29,208.75 203.00,210.53
             191.91,219.16 183.40,240.04 186.90,254.00
             187.53,256.52 188.37,258.74 189.68,260.98
             195.05,270.15 207.02,269.68 215.00,264.30
             218.85,261.71 222.22,257.68 225.00,254.00
             226.33,259.88 229.41,267.04 227.11,273.00
             224.52,279.72 216.28,283.02 214.32,276.94
             213.75,275.18 215.63,270.51 216.00,268.00
             205.38,270.70 208.90,281.06 213.21,283.69
             217.33,286.20 224.17,284.48 227.96,282.01
             235.47,277.11 236.51,266.85 233.53,259.00
             231.98,254.90 228.63,250.32 228.65,246.00
             228.66,242.38 232.64,229.67 225.94,229.11
             222.38,228.81 221.31,233.35 221.09,236.00
             220.53,242.91 222.92,245.45 221.61,249.17
             218.55,257.92 206.04,266.47 198.27,257.89
             186.91,245.35 196.99,214.62 213.00,210.65
             221.53,208.54 223.49,219.01 215.79,226.87
             210.09,232.68 204.97,230.54 206.00,222.00
             206.00,222.00 202.00,221.00 202.00,221.00 Z
           M 238.00,285.00
           C 238.00,285.00 235.00,285.00 235.00,285.00
             231.87,290.82 225.54,301.59 218.00,301.46
             213.76,301.39 204.89,296.39 200.00,295.00
             203.96,302.67 213.05,303.48 215.31,312.00
             217.09,318.72 209.99,324.63 209.00,334.00
             214.61,329.52 218.53,319.95 225.00,317.60
             231.45,315.25 239.97,321.68 247.00,323.00
             243.20,316.11 236.16,315.62 232.43,308.96
             228.28,301.55 235.87,292.48 238.00,285.00 Z" />
</svg>
